MAP file:resources/map/region1map.png|0|0
// Tall grass for encounters
ITEM 4|2500|900
ITEM 4|2532|900
ITEM 4|2564|900
ITEM 4|2596|900
ITEM 4|2628|900
ITEM 4|2500|868
ITEM 4|2532|868
ITEM 4|2564|868
ITEM 4|2596|868
ITEM 4|2628|868
// Main character
PROTAG 0|2800|1500
// Houses in starting town
ITEM 2|2900|1100
ITEM 2|2900|1580
ITEM 2|2550|1650
ITEM 2|2500|1150
ITEM 3|2730|1130
// Tree clusters
ITEM 1|1802|551
ITEM 1|1884|560
ITEM 1|1293|560
ITEM 1|1569|567
ITEM 1|1367|582
ITEM 1|833|587
ITEM 1|1378|601
ITEM 1|1051|603
ITEM 1|1230|621
ITEM 1|1501|625
ITEM 1|1398|628
ITEM 1|1716|628
ITEM 1|2129|629
ITEM 1|1077|629
ITEM 1|835|641
ITEM 1|1865|658
ITEM 1|2171|667
ITEM 1|1336|674
ITEM 1|2220|674
ITEM 1|2100|680
ITEM 1|1326|704
ITEM 1|1729|709
ITEM 1|1701|711
ITEM 1|2153|729
ITEM 1|1453|730
ITEM 1|870|760
ITEM 1|2072|741
ITEM 1|1508|744
// Map border of trees
ITEM 1|0|0
ITEM 1|0|50
ITEM 1|0|100
ITEM 1|0|150
ITEM 1|0|200
ITEM 1|0|250
ITEM 1|0|300
ITEM 1|0|350
ITEM 1|0|400
ITEM 1|0|450
ITEM 1|0|500
ITEM 1|0|550
ITEM 1|0|600
ITEM 1|0|650
ITEM 1|0|700
ITEM 1|0|750
ITEM 1|0|800
ITEM 1|0|850
ITEM 1|0|900
ITEM 1|0|950
ITEM 1|0|1000
ITEM 1|0|1050
ITEM 1|0|1100
ITEM 1|0|1150
ITEM 1|0|1200
ITEM 1|0|1250
ITEM 1|0|1300
ITEM 1|0|1350
ITEM 1|0|1400
ITEM 1|0|1450
ITEM 1|0|1500
ITEM 1|0|1550
ITEM 1|0|1600
ITEM 1|0|1650
ITEM 1|0|1700
ITEM 1|0|1750
ITEM 1|0|1800
ITEM 1|0|1850
ITEM 1|3100|0
ITEM 1|3050|0
ITEM 1|3000|0
ITEM 1|2950|0
ITEM 1|2900|0
ITEM 1|2850|0
ITEM 1|2800|0
ITEM 1|2750|0
ITEM 1|2700|0
ITEM 1|2650|0
ITEM 1|2600|0
ITEM 1|2550|0
ITEM 1|2500|0
ITEM 1|2450|0
ITEM 1|2400|0
ITEM 1|2350|0
ITEM 1|2300|0
ITEM 1|2250|0
ITEM 1|2200|0
ITEM 1|2150|0
ITEM 1|2100|0
ITEM 1|2050|0
ITEM 1|2000|0
ITEM 1|1950|0
ITEM 1|1900|0
ITEM 1|1850|0
ITEM 1|1800|0
ITEM 1|1750|0
ITEM 1|1700|0
ITEM 1|1650|0
ITEM 1|1600|0
ITEM 1|1550|0
ITEM 1|1500|0
ITEM 1|1450|0
ITEM 1|1400|0
ITEM 1|1350|0
ITEM 1|1300|0
ITEM 1|1250|0
ITEM 1|1200|0
ITEM 1|1150|0
ITEM 1|1100|0
ITEM 1|1050|0
ITEM 1|1000|0
ITEM 1|950|0
ITEM 1|900|0
ITEM 1|850|0
ITEM 1|800|0
ITEM 1|750|0
ITEM 1|700|0
ITEM 1|650|0
ITEM 1|600|0
ITEM 1|550|0
ITEM 1|500|0
ITEM 1|450|0
ITEM 1|400|0
ITEM 1|350|0
ITEM 1|300|0
ITEM 1|250|0
ITEM 1|200|0
ITEM 1|150|0
ITEM 1|100|0
ITEM 1|50|0
ITEM 1|3140|0
ITEM 1|3140|50
ITEM 1|3140|100
ITEM 1|3140|150
ITEM 1|3140|200
ITEM 1|3140|250
ITEM 1|3140|300
ITEM 1|3140|350
ITEM 1|3140|400
ITEM 1|3140|450
ITEM 1|3140|500
ITEM 1|3140|550
ITEM 1|3140|600
ITEM 1|3140|650
ITEM 1|3140|700
ITEM 1|3140|750
ITEM 1|3140|800
ITEM 1|3140|850
ITEM 1|3140|900
ITEM 1|3140|950
ITEM 1|3140|1000
ITEM 1|3140|1050
ITEM 1|3140|1100
ITEM 1|3140|1150
ITEM 1|3140|1200
ITEM 1|3140|1250
ITEM 1|3140|1300
ITEM 1|3140|1350
ITEM 1|3140|1400
ITEM 1|3140|1450
ITEM 1|3140|1500
ITEM 1|3140|1550
ITEM 1|3140|1600
ITEM 1|3140|1650
ITEM 1|3140|1700
ITEM 1|3140|1750
ITEM 1|3140|1800
ITEM 1|3140|1850
ITEM 1|3100|1908
ITEM 1|3050|1908
ITEM 1|3000|1908
ITEM 1|2950|1908
ITEM 1|2900|1908
ITEM 1|2850|1908
ITEM 1|2800|1908
ITEM 1|2750|1908
ITEM 1|2700|1908
ITEM 1|2650|1908
ITEM 1|2600|1908
ITEM 1|2550|1908
ITEM 1|2500|1908
ITEM 1|2450|1908
ITEM 1|2400|1908
ITEM 1|2350|1908
ITEM 1|2300|1908
ITEM 1|2250|1908
ITEM 1|2200|1908
ITEM 1|2150|1908
ITEM 1|2100|1908
ITEM 1|2050|1908
ITEM 1|2000|1908
ITEM 1|1950|1908
ITEM 1|1900|1908
ITEM 1|1850|1908
ITEM 1|1800|1908
ITEM 1|1750|1908
ITEM 1|1700|1908
ITEM 1|1650|1908
ITEM 1|1600|1908
ITEM 1|1550|1908
ITEM 1|1500|1908
ITEM 1|1450|1908
ITEM 1|1400|1908
ITEM 1|1350|1908
ITEM 1|1300|1908
ITEM 1|1250|1908
ITEM 1|1200|1908
ITEM 1|1150|1908
ITEM 1|1100|1908
ITEM 1|1050|1908
ITEM 1|1000|1908
ITEM 1|950|1908
ITEM 1|900|1908
ITEM 1|850|1908
ITEM 1|800|1908
ITEM 1|750|1908
ITEM 1|700|1908
ITEM 1|650|1908
ITEM 1|600|1908
ITEM 1|550|1908
ITEM 1|500|1908
ITEM 1|450|1908
ITEM 1|400|1908
ITEM 1|350|1908
ITEM 1|300|1908
ITEM 1|250|1908
ITEM 1|200|1908
ITEM 1|150|1908
ITEM 1|100|1908
ITEM 1|50|1908
ITEM 1|0|1900
// Pikachu enemy
ENEMY 1|2600|850